tensor_dense3bias0 1
-0.380339503
tensor_dense2bias0 14
0.521190286 0.14136675 -0.592735648 0.367051154 0.320651233 0.545965374 -0.719659626 0.36428535 0.259202182 -0.605125546 0.561417222 -2.13013697 -0.621560276 0.00743703265
tensor_dense1bias0 14
0.420436352 0.914099038 0.56410718 0.111190021 -0.684467673 0.344993144 0.0493197031 0.809977055 0.473632932 -0.259257168 -0.729732752 -0.202846229 -0.528351367 0.918595374
tensor_dense1kernel0 196
0.767110944 0.547452509 0.0677797124 -0.236697584 0.0597705469 -0.56904459 -0.0665263161 0.0918349028 0.274711251 0.238278523 0.701191664 0.456158042 -0.371977836 0.0606543496 0.0958024561 0.645318389 -0.289790034 0.532319427 -0.938005209 0.458528101 -0.847487152 -0.0574220158 0.856910348 1.16533446 -0.151343286 -0.824445963 -0.327471852 -1.21494973 -1.34239829 -1.59440911 -0.706461489 0.0476976708 1.20140016 0.469944268 1.38738716 0.924068391 -0.0325690955 0.0079478398 1.4028964 0.0185895413 1.03448975 0.628382504 -1.8419894 -2.23076463 -0.791853786 0.614587367 1.6401931 1.49227738 2.07071805 -0.59560591 -1.09824276 0.0092089884 1.2467066 0.191398248 0.818320751 -0.743754327 0.12040773 0.0693172812 0.58342427 -1.21255183 -0.178272784 -0.752735734 0.029017048 -0.582242429 -0.426895559 0.399186134 -0.332661241 0.168770969 0.113442376 -0.0389031656 -0.529651701 -0.614059806 0.0312190261 -0.563767433 0.556071341 -0.237918466 0.763738573 0.611290932 0.425517678 1.18565929 0.459964037 -0.407934278 0.426479757 -0.321568698 0.135892466 0.369445235 0.318015277 0.0491323695 -0.446629256 -0.00396246603 0.132608339 -0.389939755 -0.23200798 -0.439015538 -0.769962132 0.0611297935 -0.385770619 0.61544323 0.857461095 0.207703829 0.0354492255 0.148734167 -0.12898162 0.0514456481 -0.744971335 0.121689454 -0.729688942 -0.330282718 -0.119135812 -0.484735519 -0.229369015 0.113486879 -0.722510993 -1.06679356 0.616419435 -0.669267774 0.913985968 0.0484533906 0.413968772 -1.41778719 0.210776359 0.758704484 -0.103480749 0.779969215 1.09055364 -0.507239521 0.268760145 -0.0518211685 0.0438686013 -1.06212008 -0.267925084 -0.380477339 -0.510420322 -0.485293955 -0.0822876543 0.0285995547 0.678463161 -0.362478077 -0.563216507 -0.27951479 -0.0405911207 0.0886150226 -0.998573899 0.12829788 0.0452042297 0.166255072 -0.284258038 0.0309243184 0.0446745157 -0.320167333 0.191343278 0.224659592 -0.00397050334 -0.292666823 -0.173856199 0.0123379631 -1.45220208 -0.218806252 -0.476908594 0.0547315031 0.236074403 -0.759457767 -0.617961645 -0.922075748 0.231982693 0.042960044 0.440701813 -0.352106392 -0.751030803 0.0501095168 0.343926847 0.0516204946 -0.0047616763 0.177835926 0.577531457 0.0763428807 0.468239188 -0.121173523 -0.0125080058 0.117662899 -0.266856968 0.211987257 0.275621414 0.513178647 0.622821271 0.222205073 -0.561905324 0.426088959 0.0299494695 -0.0741009712 0.412218928 -0.389552087 -0.285256803 -0.262059361 -0.157940343 0.0191537011
tensor_densebias0 14
-0.503129244 0.454801768 -0.540850222 -0.834481299 -0.206976831 -0.627393961 0.792499781 0.533215225 -0.592909932 -0.29284817 -0.158136025 0.835540533 -0.405612409 0.821588397
tensor_dense3kernel0 14
0.939089179 -0.335057616 1.28433192 0.681099534 -0.722445607 0.53632021 1.2545768 0.351785362 1.74228084 0.869942486 2.42212105 -1.21471107 0.863141775 -1.72602046
tensor_dense2kernel0 196
0.177157313 -0.420353711 -1.18939221 1.06163275 -0.544323742 0.918893456 0.356889784 0.55818361 0.737172246 0.0371433385 0.886066675 -0.686356068 -0.489889979 0.283436179 0.183272511 0.669319689 -1.33910251 0.218222871 0.419232726 0.160582662 0.546346724 0.368402272 -0.448382288 -1.40256488 -1.41223872 0.327576846 0.67660141 -5.48336887 -0.650678754 0.699461579 -0.28919208 -0.419163465 1.103212 -0.428643793 -0.117523454 -0.0731066838 -0.555976868 0.314398289 -0.234838083 -0.774433374 0.548060536 0.0410269983 0.513127148 -0.153840587 0.191523239 0.499033988 0.194006339 0.200062677 0.274590224 0.734570503 0.480109185 -0.022790255 -0.280736566 1.01428795 -0.295160323 -0.0475818366 -3.01980925 -0.0715156719 1.48786807 -0.80059135 0.591250837 -4.01370382 0.647538602 -4.82457018 0.946396351 1.07001591 -5.91938591 0.203387693 -0.37304005 -0.320227444 0.864907861 0.211913556 -0.30870232 0.213042974 -0.110470161 0.304753035 -0.418775409 -0.121647783 0.336150646 -0.329731941 0.2974976 1.02999341 -0.989667535 0.534455597 -0.256183416 -0.0429931842 0.562995017 -1.22739851 0.458877474 0.393480152 -0.0806468129 -0.501427412 0.375916541 0.0292193368 1.02474797 -0.562039256 -0.687849104 0.810452223 -0.681319594 1.69997418 -1.72418606 -1.37013614 2.30921721 0.517641783 -0.773367822 -0.719465256 0.436369479 -1.32784426 0.156790346 -0.196615353 0.451134145 -0.382422119 0.505622864 0.239297614 -0.311407119 0.67484498 0.546477854 -0.314436823 -0.346942008 0.0127995517 -0.575667381 -0.245419249 -0.329517245 -0.951386869 0.0769248679 -0.482380986 0.857878923 -0.148020223 0.240885213 -0.0815774947 0.0588661991 -0.517883062 -0.0112272939 0.605659783 -1.59964812 0.810638487 0.440252572 -0.126428396 0.424701452 0.527406812 0.0111172376 0.18589814 0.763998866 0.876541793 0.448931307 0.612076581 1.18508339 -0.921809912 0.700823486 0.596806467 0.0701128542 -1.21221721 0.622514129 0.199622601 0.299171597 0.254927427 -0.336872369 0.359092027 0.381947368 -0.674420476 0.256388456 -0.546735942 0.821232378 0.947917581 0.744560242 -2.17020512 0.0298531502 0.171352282 0.352848351 0.0117440093 0.574963748 -0.110266432 0.0306705255 -0.822312355 -0.652967751 0.445090503 -0.998833954 0.614993572 -1.40393722 -0.00290544028 0.449343652 0.133739814 -0.213015214 0.634893537 -0.35076493 0.404517531 0.593476415 0.344654828 -0.748862743 -0.374062002 1.20034683 -1.37078714 -0.210329935 -1.71470082 -1.2742728 -0.683092833
tensor_densekernel0 98
0.866235435 0.10629949 0.112328827 -0.0900311321 -0.333913296 0.0769470409 -0.418155462 0.429989547 -0.112939797 0.745004833 -0.323696256 0.158834532 0.511796176 -0.2131145 -0.394741595 1.18609691 -2.18381405 -2.42088914 -0.138778299 -1.55221033 0.402189344 -0.155914098 -1.75354469 0.400262386 0.205852568 1.60327959 -0.373100758 0.950082302 0.292101771 0.270280719 -0.0665838271 0.0231762938 -0.0904241204 0.426685512 -0.189098388 0.162422374 0.0812866837 -0.779399753 0.143728837 0.383021146 0.24511613 -0.205974087 0.0283422451 -1.45755994 0.359165013 0.298182786 -1.00697792 -0.844166815 0.31218949 0.434293032 -0.964723468 0.0200423319 0.628533661 0.609374881 0.53795737 -0.257047027 0.247032702 -0.400206357 -0.118715949 -0.234203488 0.96248132 -0.16653873 0.0896381661 -0.16356656 0.578900337 0.390472531 -1.03243768 -0.157630727 -0.108858421 0.283931643 -0.0405002832 0.0389739014 -0.000382289087 0.00199802988 -0.000826058036 -0.0698188841 0.000219963753 -0.00867410004 -0.0201229416 0.0161913373 -0.0412738137 -0.0125031993 -0.0774600729 -0.165551245 0.0506368242 0.0293816309 0.174707994 0.138212651 -0.586635053 0.116968967 -0.0264991764 -0.126910403 -0.777532279 -0.109615147 0.507449389 -0.379788607 0.801386595 -0.0494658761
